53464.4 8478.89 42888.4
52283.9 8276.8 40496.6
50813.6 8054.01 36937.9
50793.3 8071.8 33459.9
52696.6 8044.85 29842.5
55825.7 8079.09 28111.8
58318.6 8273.81 27681.1
61973.7 8073.63 28089
65486 7893.34 29815.3
67325.6 7905.7 31690
68034.5 7925.44 32556
68153.8 7941.99 34475.6
67508.3 8130.07 37172.5
66495.6 7924.89 39945.2
64850.5 7722.89 42417.3
62560.2 7921.43 45290.9
52522.2 7929.07 54149.9
50450.8 7737.17 56769.4
49464.1 7730.52 59403.9
49248.6 7914.27 61480.8
49343.1 7644.9 63842.9
50168.1 7848.9 66026.7
51305.1 7834.71 67995.1
52606.7 7829.23 69570.2
54347.3 7833.88 70884.1
56768.6 7651.27 71723.8
58823.8 7839.35 71876.3
61641.4 7644.63 71451.3
64140.6 7848.63 70408.5
65059.6 7650.25 69789.1
67044.6 7843.06 67927.7
68227 7830.98 65973.5
68974.8 7839.5 62544.1
68720.1 7991.14 60303.3
67996.5 8395.78 58141.4
66081.5 8758.03 54989
64652.6 8960.39 53077.2
62855.3 9172.49 50989.7
60925.5 9181.85 49091.6
59100.6 8970.67 47362.6
57351 8781.49 45704.9
55699.9 8591.41 44140.6
54552.7 8593.24 43053.6
53539.3 8416.8 41698