51694.9 8144.64 40117.5
 51007.6 8144.64 38436.2
 50461 7948 37099
 49558.1 7948 35689.4
50574 7965.52 34017.9
 50969 7948 34062.2
 51440.2 7948 31816.3
 52172.2 7948 28969.2
 53043.4 7948 28057.9
 57191.4 8144.64 27760.1
 59354.2 8144.64 27665
 61000.9 8144.64 27672.7
 63142 8144.64 27841.6
 64289.3 8144.64 28301.7
 66339.5 7946.09 30182.9
 67019.6 7946.09 31244.8
 67723.4 7946.09 32745.2
 68123.3 7946.09 34021.6
 68926.2 7946.09 36109.4
 67912.4 7946.09 35817.8
 67738.8 7946.09 36412.2
 67257 7946.09 38061.2
 66840.5 7946.09 39486.9
 66307.3 7946.09 40916.9
 65831 7946.09 41841.1
 64848.2 7946.09 43129.1
 63534 7946.09 44003.5
 62888.2 7946.09 44295.1
 62683.4 7946.09 45119.6
 60008 7946.09 48529.6
 58733.1 7946.09 50007.3
 57313.4 7946.09 51030.9
 55735.6 7946.09 51974.1
 54300.6 7946.09 52699.4
 52555.8 7946.09 54222.8
 51367.8 7946.09 56068.6
 50265.5 7946.09 58042.5
 49142.1 7946.09 60174.6
 48647 7946.09 61408
 48278.6 7946.09 62627.4
 48345.8 7946.09 63326
 48805 7946.09 64835.5
 49524.8 7946.09 66423.4
 50841.6 7946.09 67826.9
 52547.5 7946.09 68701.8
 53984.7 7946.09 69844.1
 54894.3 7946.09 70572.8
 56269.5 7946.09 71674.7
 57598 7946.09 72643.7
 58861 7946.09 72858.1
 61029.6 7946.09 72468.2
 62532 7946.09 72028.5
 64051.5 7946.09 71397.1
 65439.6 7946.09 70338
 66352.1 7946.09 68844.7
 67094.6 7946.09 67261.9
 67941.1 7946.09 65628.9
 68674 7946.09 64022.3
 69260.9 7946.09 62735.7
 69984.8 7946.09 61454
 69518.3 7979.55 65820.7
 68196.8 8136.01 59329.2
 67182.5 8340.01 57530.4
 66785.2 8529.92 56127
 66264.5 8728.47 54707.9
 65768.4 8934.47 53356.1
 64653.3 9127.28 51489.4
 63215.8 9311.72 50341.4
 61222.8 9311.72 48954.9
 58924.6 9115.08 47714.7
 57592.2 8907.08 46884.8
 56268.6 8907.08 45391.9
 55340.4 8703.08 44126.3
 54252.3 8501.08 42573.7
 53278.7 8304.45 41114
 52334.6 8116.36 39659.4