51577.5 8216.88 40269.2 //start
 51780.8 8216.88 38608.5
 50355.5 8008.88 36567.3
 50002 8008.88 34487.7
 51118 8008.88 33240.4
 51909 8008.88 29729.1
 52549.9 8008.88 28318.3
 54103.8 8004.68 28406.3
 56209.9 8004.68 28329.1
 58463.9 8004.68 26855.3
 59472.4 8155.43 27140.3
 61265.7 8004.68 27037.4
 62724.1 8004.68 28745.6
 64731.2 8004.68 29526.6
 67628.8 8004.68 30358
 67690.4 7802.68 32417.8
 67691.3 7802.68 34997.5
 67955.2 7802.68 37263.5
 67982 7802.68 39264.3
 65715.2 7802.68 40755.3
 64320.2 7802.68 45161.7
 60870.9 7802.68 46336.3
 59159.3 7802.68 49593
 55611.9 7802.68 51020.6
 54141.2 7802.68 52190.7
 53667.3 7802.68 54072.3
 52457.3 7802.68 55168
 50856.8 7802.68 55800
49079.4 7971 61844.2
 48279.4 7802.68 62586
 49655.8 7802.68 65312.7
 51372.1 7802.68 67155.8
 52170.4 7802.68 70375.6
 56395.6 7802.68 71121.3
 59476.6 7802.68 72717.9
 62791 7802.68 71450.1
 65577.4 7802.68 70548.8
 67270.4 7802.68 67149.4
 68169.9 7802.68 65067.8
 68573.9 7802.68 63566.2
 69078.9 8357.55 58324.1
 67907.2 8203.22 58600.8
 67208 8401.77 56780.2
 66221.1 8603.77 55179.1
 64441.9 9000.03 53095.7
 63673.9 9189.94 51939.7
 61982.2 9382.76 50177.5
 59693.3 9180.76 48388.9
 58116.9 8998.76 46218.4
 56606.9 8804.03 44471.5
 54993.3 8591.93 42840.5
 51778.4 8205.22 40098.4