51118.1 8144.64 39039.3
 50169.1 7956.55 35343
 50758.1 7956.55 32218.4
 51967.3 7952.73 30255.4
 53417.8 8125.95 28771.1
 56187.2 8125.95 27459.1
 57583.6 8125.95 27273.5
 59096.5 8125.95 27291.7
 60843.6 8125.95 27528.6
 62608 8125.95 28046.8
 64721.2 8155.43 28956.4
 65788 8125.95 29646.9
 66871.9 8125.95 30581.2
 67382 8125.95 31147.2
 67993.3 8125.95 32181.5
 68288.8 8125.95 33289.6
 68315.8 8125.95 34224.7
 67818.2 7940.77 37097.8
 67436.8 7940.77 38285.7
 66432.5 7940.77 40503.9
 65769.5 7940.77 41757.2
 65101.1 7940.77 42743.9
 64382.3 7940.77 43652.2
 55569.3 7940.77 52041.3
 51217.3 7971 54872.2
 50004.1 7940.77 58465
 49413.6 7940.77 60576.4
 49463.8 7940.77 62493.5
 49747.7 7940.77 63925.5
 50151 7940.77 65065.4
 50514.7 7940.77 65833.1
 51767.8 7940.77 67637.3
 52932.7 7940.77 68938
 54478.7 7940.77 70594.4
 55513.9 7940.77 71500.4
 56615.9 7940.77 72281.3
 57815 7940.77 72662.5
 59207.6 7940.77 72679.7
 60746.4 7940.77 72263.2
 62668.3 7940.77 71577.3
 64350.3 7940.77 70820.1
 65809.7 7940.77 69914.4
 67159.3 7940.77 68799.8
 68003.7 7940.77 67735.9
 68824.6 7940.77 66223
 69078.9 8357.55 58324.1
 69563.9 7940.77 63594.1
 69586.5 7940.77 61743.5
 69389.3 8132.51 60569.7
 69030.9 8329.14 58857.5
 68290.2 8537.14 56941.1
 67221.4 8733.78 55587.9
 66231.7 8943.78 54104.7
 64872.2 9142.32 52156.4
 63781.7 9328.58 51271.9
 61984 9360.45 49633
 59516.7 9170.54 47775.8
 57468.4 8970.08 46061.7
 55227.2 8766.08 44063.7
 54141.9 8551.88 42755.6
 53411.6 8365.62 41657.3
 52178.9 8179.36 39634.3