52260.1 8105.36 42040.6
 51257.4 8315.91 40432.4
 51482.7 8315.91 38398.1
 51069.4 8107.96 37126.6
 50821.5 8107.96 35738.3
 50897.2 8107.96 34171.8
 51427.4 8107.96 32161.6
 52375.5 8104.31 30661.9
 54409.1 8104.31 28864.5
 56670 8104.31 27899.6
 59014.7 8104.31 27828.9
 62638.5 8104.31 28639
 65887.2 8104.31 30391.1
 66991.2 8104.31 31541.6
 67752.5 8104.31 32612.8
 69085.7 8104.31 35459.3
 67528.5 7898.84 40399.9
 64113.6 7898.84 43298.6
 57454.1 7898.84 49950.8
 51329.8 7898.84 57537.2
 50298.8 7898.84 59205.8
 49945.9 7898.84 60322.1
 49824.7 7898.84 61541.6
 49963.8 7898.84 62498.5
 50251.8 7898.84 64032.3
 50741.6 7898.84 65369.9
 51505.7 7898.84 67428.1
 52207.4 7898.84 68765.1
 53495 7898.84 70110.6
 54970.2 7898.84 71014.7
 56726.3 7898.84 71400.7
 59004.7 7898.84 71310.4
 61109 7898.84 70905.3
 63510.4 7898.84 70101.9
 64600.6 7898.84 69432.2
 65285.9 8155.43 28504.6 //fuel point
 66204.8 7898.84 67987.2
 67363.3 7898.84 66662.5
 67914.6 7898.84 65484.9
 68218.4 7898.84 64297.7
 68382.6 7898.84 63143.9
 68368.9 8100.84 61442.9
 67948.3 8287.1 59518.4
 67369.4 8536.63 58076.8
 66641.7 8536.63 56634.4
 65958.1 8757.13 55448.6
 65088.4 8945.22 54159.7
 64528.9 9135.13 53384.1
 62179.1 9337.13 51103.8
 60263 9337.13 49499.7
 57037.1 8928.68 46297.6
 56071 8728.22 44968.2
 54762.9 8728.22 43275
 53146.9 8352.05 41182.1
 52184.2 8352.05 39296.6